(   -0.05               0               0)
(   -0.04               0               0)
(   -0.02               0               0)
(   -0.01               0               0)
(   0.000000000e+00     0.000000000e+00 0)
(   2.642555636e-04     2.118387155e-05 0)
(   1.196187107e-03     1.013596154e-04 0)
(   2.391164127e-03     2.169787857e-04 0)
(   3.584294872e-03     3.468466981e-04 0)
(   4.776214925e-03     4.909525339e-04 0)
(   5.966346759e-03     6.492854802e-04 0)
(   7.154056604e-03     8.218347242e-04 0)
(   8.339978834e-03     1.008585855e-03 0)
(    9.530686986e-03     1.210739175e-03 0)
(    1.072508708e-02     1.428518166e-03 0)
(    1.192427371e-02     1.662160734e-03 0)
(    1.311982704e-02     1.910459349e-03 0)
(    1.431238147e-02     2.173406815e-03 0)
(    1.550193638e-02     2.450992308e-03 0)
(    1.668780056e-02     2.743194201e-03 0)
(    1.786951258e-02     3.050012494e-03 0)
(    1.905843372e-02     3.374449776e-03 0)
(    2.025398706e-02     3.716834053e-03 0)
(    2.145559567e-02     4.077255437e-03 0)
(    2.265299468e-02     4.452304040e-03 0)
(    2.384612542e-02     4.841594176e-03 0)
(    2.503446964e-02     5.244732940e-03 0)
(    2.621791183e-02     5.661338268e-03 0)
(    2.739720126e-02     6.091013649e-03 0)
(    2.858427673e-02     6.538326034e-03 0)
(    2.977988752e-02     7.003300653e-03 0)
(    3.098270743e-02     7.485969956e-03 0)
(    3.218068275e-02     7.981010033e-03 0)
(    3.337323718e-02     8.488049619e-03 0)
(    3.456158140e-02     9.006706628e-03 0)
(    3.574444666e-02     9.536609797e-03 0)
(    3.692246734e-02     1.007737704e-02 0)
(    3.810838957e-02     1.063481889e-02 0)
(    3.930209724e-02     1.120887045e-02 0)
(    4.050434023e-02     1.179944160e-02 0)
(    4.170173924e-02     1.239987117e-02 0)
(    4.289365929e-02     1.300967974e-02 0)
(    4.408136913e-02     1.362840955e-02 0)
(    4.526486877e-02     1.425559200e-02 0)
(    4.644410015e-02     1.489072966e-02 0)
(    4.763002238e-02     1.553935551e-02 0)
(    4.882257680e-02     1.620121362e-02 0)
(    5.002233974e-02     1.687615980e-02 0)
(    5.121795114e-02     1.755788973e-02 0)
(    5.240987059e-02     1.824609701e-02 0)
(    5.359821480e-02     1.894044282e-02 0)
(    5.478286829e-02     1.964062438e-02 0)
(    5.596457970e-02     2.034632088e-02 0)
(    5.715044388e-02     2.106187580e-02 0)
(    5.834178761e-02     2.178704401e-02 0)
(    5.953734035e-02     2.252149752e-02 0)
(    6.073052915e-02     2.326012148e-02 0)
(    6.192123791e-02     2.400246172e-02 0)
(    6.311015905e-02     2.474807488e-02 0)
(    6.429665760e-02     2.549651399e-02 0)
(    6.548257922e-02     2.624732490e-02 0)
(    6.666965469e-02     2.700199266e-02 0)
(    6.785921021e-02     2.776013519e-02 0)
(    6.905055334e-02     2.852149658e-02 0)
(    7.024189647e-02     2.928394293e-02 0)
(    7.143202830e-02     3.004724716e-02 0)
(    7.262210269e-02     3.081119662e-02 0)
(    7.381165820e-02     3.157558940e-02 0)
(    7.500121372e-02     3.234022734e-02 0)
(    7.619007680e-02     3.310437502e-02 0)
(    7.737847847e-02     3.386785948e-02 0)
(    7.856618832e-02     3.463032023e-02 0)
(    7.975447508e-02     3.539180777e-02 0)
(    8.094403000e-02     3.615196887e-02 0)
(    8.213416243e-02     3.691037816e-02 0)
(    8.332602443e-02     3.766672559e-02 0)
(    8.451927068e-02     3.842053546e-02 0)
(    8.570997944e-02     3.916872226e-02 0)
(    8.689826621e-02     3.991091832e-02 0)
(    8.808355346e-02     4.064725340e-02 0)
(    8.927126330e-02     4.138038046e-02 0)
(    9.046081882e-02     4.211048690e-02 0)
(    9.165210389e-02     4.283744293e-02 0)
(    9.284592707e-02     4.356137840e-02 0)
(    9.404090348e-02     4.428222843e-02 0)
(    9.523161224e-02     4.499607114e-02 0)
(    9.641690010e-02     4.570276973e-02 0)
(    9.759861151e-02     4.640148786e-02 0)
(    9.878205370e-02     4.709542636e-02 0)
(    9.996976355e-02     4.778343900e-02 0)
(    1.011604723e-01     4.846462459e-02 0)
(    1.023560256e-01     4.913800286e-02 0)
(    1.035564236e-01     4.980249228e-02 0)
(    1.046353622e-01     5.038915247e-02 0)
(    1.055920356e-01     5.090009581e-02 0)
(    1.064247127e-01     5.133834998e-02 0)
(    1.072593511e-01     5.177243731e-02 0)
(    1.080957190e-01     5.220271101e-02 0)
(    1.089343947e-01     5.262971906e-02 0)
(    1.097737615e-01     5.305387949e-02 0)
(    1.106156664e-01     5.347562490e-02 0)
(    1.114652993e-01     5.389943205e-02 0)
(    1.123246214e-01     5.432558940e-02 0)
(     1.131923633e-01     5.475411135e-02 0)
(     1.140614895e-01     5.518087429e-02 0)
(     1.149310770e-01     5.560582767e-02 0)
(     1.158019340e-01     5.602884188e-02 0)
(     1.166733666e-01     5.644992406e-02 0)
(     1.175459537e-01     5.686895164e-02 0)
(     1.184282293e-01     5.729003376e-02 0)
(     1.193203090e-01     5.771304797e-02 0)
(     1.202225393e-01     5.813787883e-02 0)
(     1.211254620e-01     5.856041003e-02 0)
(     1.220295380e-01     5.898058384e-02 0)
(     1.229347672e-01     5.939846519e-02 0)
(     1.238412651e-01     5.981403963e-02 0)
(     1.247490318e-01     6.022732156e-02 0)
(     1.256670646e-01     6.064271573e-02 0)
(     1.265965167e-01     6.106029429e-02 0)
(     1.275375030e-01     6.147998508e-02 0)
(     1.284784894e-01     6.189731134e-02 0)
(     1.294212059e-01     6.231246766e-02 0)
(     1.303646142e-01     6.272550449e-02 0)
(     1.313092918e-01     6.313642902e-02 0)
(     1.322544303e-01     6.354541439e-02 0)
(     1.332117961e-01     6.395742751e-02 0)
(     1.341811569e-01     6.437246125e-02 0)
(     1.351633218e-01     6.479027772e-02 0)
(     1.361465246e-01     6.520597468e-02 0)
(     1.371305346e-01     6.561937199e-02 0)
(     1.381150060e-01     6.603035422e-02 0)
(     1.391013232e-01     6.643885651e-02 0)
(     1.400883321e-01     6.684464104e-02 0)
(     1.410903362e-01     6.725350383e-02 0)
(     1.421081422e-01     6.766521416e-02 0)
(     1.431410589e-01     6.807994517e-02 0)
(     1.441751288e-01     6.849237641e-02 0)
(     1.452098905e-01     6.890287562e-02 0)
(     1.462445374e-01     6.931180330e-02 0)
(     1.472804530e-01     6.971964237e-02 0)
(     1.483163685e-01     7.012675334e-02 0)
(     1.497647581e-01     7.069521065e-02 0)
(     1.516249311e-01     7.142512967e-02 0)
(     1.538975780e-01     7.231501084e-02 0)
(     1.561719551e-01     7.320113615e-02 0)
(     1.584488697e-01     7.408151580e-02 0)
(     1.607280914e-01     7.495410240e-02 0)
(     1.630110039e-01     7.581688469e-02 0)
(     1.652981846e-01     7.666787290e-02 0)
(     1.673862790e-01     7.743093924e-02 0)
(     1.692736726e-01     7.810842660e-02 0)
(     1.709596740e-01     7.870386032e-02 0)
(     1.726480975e-01     7.929172444e-02 0)
(     1.743390584e-01     7.987245884e-02 0)
(     1.760323264e-01     8.044653921e-02 0)
(     1.777273246e-01     8.101444862e-02 0)
(     1.794248603e-01     8.157661964e-02 0)
(     1.811193965e-01     8.213195642e-02 0)
(     1.828102425e-01     8.268087713e-02 0)
(     1.844980890e-01     8.322345388e-02 0)
(     1.861870894e-01     8.376106352e-02 0)
(     1.878779348e-01     8.429366287e-02 0)
(     1.895706259e-01     8.482111498e-02 0)
(     1.912644709e-01     8.534331164e-02 0)
(     1.929601609e-01     8.586018084e-02 0)
(     1.946541207e-01     8.637046089e-02 0)
(     1.963449661e-01     8.687415187e-02 0)
(     1.980345434e-01     8.737131140e-02 0)
(     1.997248119e-01     8.786320829e-02 0)
(     2.014175030e-01     8.834996512e-02 0)
(     2.031107710e-01     8.883169728e-02 0)
(     2.048064617e-01     8.930853443e-02 0)
(     2.065027280e-01     8.978054150e-02 0)
(     2.081966884e-01     9.024679574e-02 0)
(     2.098881108e-01     9.070742690e-02 0)
(     2.115765342e-01     9.116255033e-02 0)
(     2.132668027e-01     9.161320412e-02 0)
(     2.149576488e-01     9.205938826e-02 0)
(     2.166503399e-01     9.250114606e-02 0)
(     2.183436079e-01     9.293856400e-02 0)
(     2.200381440e-01     9.337155553e-02 0)
(     2.217307202e-01     9.379947190e-02 0)
(     2.234222581e-01     9.422242842e-02 0)
(     2.251112579e-01     9.464048278e-02 0)
(     2.268015270e-01     9.505448563e-02 0)
(     2.284929493e-01     9.546449464e-02 0)
(     2.301850635e-01     9.587063959e-02 0)
(     2.318783315e-01     9.627303582e-02 0)
(     2.335721765e-01     9.667174101e-02 0)
(     2.352648676e-01     9.706633704e-02 0)
(     2.369562899e-01     9.745706896e-02 0)
(     2.386459821e-01     9.784385034e-02 0)
(     2.403368275e-01     9.822725788e-02 0)
(     2.420276730e-01     9.860740689e-02 0)
(     2.437197877e-01     9.898421089e-02 0)
(     2.454130558e-01     9.935782851e-02 0)
(     2.471063238e-01     9.972823085e-02 0)
(     2.487983224e-01     1.000949998e-01 0)
(     2.504898603e-01     1.004583950e-01 0)
(     2.521801294e-01     1.008182144e-01 0)
(     2.538709748e-01     1.011750781e-01 0)
(     2.555623972e-01     1.015288419e-01 0)
(     2.572545120e-01     1.018797221e-01 0)
(     2.589465106e-01     1.022275600e-01 0)
(     2.606397787e-01     1.025724423e-01 0)
(     2.623324698e-01     1.029141813e-01 0)
(     2.640233158e-01     1.032527195e-01 0)
(     2.657141612e-01     1.035881146e-01 0)
(     2.674050067e-01     1.039207126e-01 0)
(     2.690958527e-01     1.042505999e-01 0)
(     2.707879669e-01     1.045777045e-01 0)
(     2.724806580e-01     1.049021563e-01 0)
(     2.741739260e-01     1.052239406e-01 0)
(     2.758659253e-01     1.055428702e-01 0)
(     2.775586164e-01     1.058590891e-01 0)
(     2.792501542e-01     1.061725253e-01 0)
(     2.809421529e-01     1.064834960e-01 0)
(     2.826348440e-01     1.067918427e-01 0)
(     2.843281120e-01     1.070976661e-01 0)
(     2.860213800e-01     1.074010096e-01 0)
(     2.877159168e-01     1.077018588e-01 0)
(     2.894086079e-01     1.079999974e-01 0)
(     2.911000302e-01     1.082953532e-01 0)
(     2.927908757e-01     1.085880562e-01 0)
(     2.944822980e-01     1.088783224e-01 0)
(     2.961738359e-01     1.091662962e-01 0)
(     2.978652582e-01     1.094519775e-01 0)
(     2.995579493e-01     1.097353663e-01 0)
(     3.012506404e-01     1.100165058e-01 0)
(     3.029426397e-01     1.102952953e-01 0)
(     3.046341776e-01     1.105717778e-01 0)
(     3.063250230e-01     1.108459678e-01 0)
(     3.080158690e-01     1.111180383e-01 0)
(     3.097072914e-01     1.113880615e-01 0)
(     3.113994055e-01     1.116560229e-01 0)
(     3.130914048e-01     1.119219224e-01 0)
(     3.147840959e-01     1.121858900e-01 0)
(     3.164762101e-01     1.124477525e-01 0)
(     3.181676324e-01     1.127074811e-01 0)
(     3.198584785e-01     1.129651623e-01 0)
(     3.215493239e-01     1.132208539e-01 0)
(     3.232407463e-01     1.134743539e-01 0)
(     3.249328610e-01     1.137258064e-01 0)
(     3.266249752e-01     1.139750818e-01 0)
(     3.283175508e-01     1.142221225e-01 0)
(     3.300090887e-01     1.144667986e-01 0)
(     3.317005110e-01     1.147090524e-01 0)
(     3.333913570e-01     1.149488984e-01 0)
(     3.350828943e-01     1.151865671e-01 0)
(     3.367743166e-01     1.154219868e-01 0)
(     3.384663159e-01     1.156553590e-01 0)
(     3.401584307e-01     1.158866118e-01 0)
(     3.418505449e-01     1.161158028e-01 0)
(     3.435431205e-01     1.163430039e-01 0)
(     3.452352352e-01     1.165682155e-01 0)
(     3.469273494e-01     1.167913653e-01 0)
(     3.486199256e-01     1.170124533e-01 0)
(     3.503126167e-01     1.172314938e-01 0)
(     3.520058847e-01     1.174484149e-01 0)
(     3.536991522e-01     1.176631589e-01 0)
(     3.553924202e-01     1.178756681e-01 0)
(     3.570851113e-01     1.180858127e-01 0)
(     3.587772261e-01     1.182934773e-01 0)
(     3.604680715e-01     1.184987918e-01 0)
(     3.621594938e-01     1.187019147e-01 0)
(     3.638510317e-01     1.189028173e-01 0)
(     3.655430310e-01     1.191016580e-01 0)
(     3.672351451e-01     1.192984370e-01 0)
(     3.689271444e-01     1.194931686e-01 0)
(     3.706192586e-01     1.196858960e-01 0)
(     3.723106809e-01     1.198765761e-01 0)
(     3.740015270e-01     1.200652521e-01 0)
(     3.756930642e-01     1.202518806e-01 0)
(     3.773844866e-01     1.204363753e-01 0)
(     3.790766014e-01     1.206188370e-01 0)
(     3.807680237e-01     1.207990495e-01 0)
(     3.824607148e-01     1.209769551e-01 0)
(     3.841527141e-01     1.211525682e-01 0)
(     3.858435595e-01     1.213257735e-01 0)
(     3.875350974e-01     1.214966142e-01 0)
(     3.892265197e-01     1.216652201e-01 0)
(     3.909179421e-01     1.218315767e-01 0)
(     3.926100562e-01     1.219958860e-01 0)
(     3.943014786e-01     1.221580181e-01 0)
(     3.959941703e-01     1.223182182e-01 0)
(     3.976855926e-01     1.224763565e-01 0)
(     3.993777068e-01     1.226324907e-01 0)
(     4.010685522e-01     1.227867073e-01 0)
(     4.027599746e-01     1.229388044e-01 0)
(     4.044515125e-01     1.230888396e-01 0)
(     4.061435117e-01     1.232367555e-01 0)
(     4.078350496e-01     1.233823788e-01 0)
(     4.095277407e-01     1.235258251e-01 0)
(     4.112191630e-01     1.236668490e-01 0)
(     4.129105854e-01     1.238055084e-01 0)
(     4.146021232e-01     1.239418176e-01 0)
(     4.162935456e-01     1.240758343e-01 0)
(     4.179849679e-01     1.242077316e-01 0)
(     4.196770821e-01     1.243374373e-01 0)
(     4.213690814e-01     1.244651101e-01 0)
(     4.230611956e-01     1.245907642e-01 0)
(     4.247533104e-01     1.247145009e-01 0)
(     4.264453090e-01     1.248363487e-01 0)
(     4.281380007e-01     1.249562212e-01 0)
(     4.298306918e-01     1.250740175e-01 0)
(     4.315233829e-01     1.251897088e-01 0)
(     4.332166509e-01     1.253030931e-01 0)
(     4.349092265e-01     1.254141273e-01 0)
(     4.366026095e-01     1.255227393e-01 0)
(     4.382951857e-01     1.256287415e-01 0)
(     4.399872998e-01     1.257321052e-01 0)
(     4.416787222e-01     1.258329025e-01 0)
(     4.433702600e-01     1.259313064e-01 0)
(     4.450616824e-01     1.260273314e-01 0)
(     4.467537972e-01     1.261212512e-01 0)
(     4.484452195e-01     1.262129939e-01 0)
(     4.501372182e-01     1.263027902e-01 0)
(     4.518293330e-01     1.263907265e-01 0)
(     4.535207553e-01     1.264767740e-01 0)
(     4.552122932e-01     1.265609616e-01 0)
(     4.569037155e-01     1.266431451e-01 0)
(     4.585951379e-01     1.267231514e-01 0)
(     4.602872521e-01     1.268009229e-01 0)
(     4.619786744e-01     1.268762722e-01 0)
(     4.636707892e-01     1.269490839e-01 0)
(     4.653126131e-01     1.270172385e-01 0)
(     4.669036847e-01     1.270807937e-01 0)
(     4.684451584e-01     1.271401244e-01 0)
(     4.699860553e-01     1.271971482e-01 0)
(     4.715275290e-01     1.272520525e-01 0)
(     4.727346166e-01     1.272935336e-01 0)
(     4.733841255e-01     1.273153771e-01 0)
(     4.739967241e-01     1.273355769e-01 0)
(     4.746093227e-01     1.273554595e-01 0)
(     4.752213443e-01     1.273750538e-01 0)
(     4.758339429e-01     1.273942876e-01 0)
(     4.764465415e-01     1.274132763e-01 0)
(     4.770585631e-01     1.274319046e-01 0)
(     4.776711617e-01     1.274502301e-01 0)
(     4.782837603e-01     1.274682527e-01 0)
(     4.790681078e-01     1.274908604e-01 0)
(     4.800247811e-01     1.275178367e-01 0)
(     4.811532033e-01     1.275486772e-01 0)
(     4.822816255e-01     1.275784939e-01 0)
(     4.834101633e-01     1.276072870e-01 0)
(     4.845385855e-01     1.276350419e-01 0)
(     4.856670077e-01     1.276617732e-01 0)
(     4.867954300e-01     1.276874086e-01 0)
(     4.879245446e-01     1.277120782e-01 0)
(     4.890529669e-01     1.277357239e-01 0)
(     4.901813891e-01     1.277582883e-01 0)
(     4.913105037e-01     1.277797569e-01 0)
(     4.924389260e-01     1.278002596e-01 0)
(     4.935667719e-01     1.278196664e-01 0)
(     4.946946172e-01     1.278379919e-01 0)
(     4.958224631e-01     1.278552792e-01 0)
(     4.969497315e-01     1.278714852e-01 0)
(     4.980774619e-01     1.278866098e-01 0)
(     4.992053078e-01     1.279006964e-01 0)
(     5.003331531e-01     1.279137016e-01 0)
(     5.014609990e-01     1.279255533e-01 0)
(     5.025888443e-01     1.279363813e-01 0)
(     5.037166903e-01     1.279460559e-01 0)
(     5.048445356e-01     1.279546491e-01 0)
(     5.059723815e-01     1.279621465e-01 0)
(     5.071002268e-01     1.279684906e-01 0)
(     5.082280727e-01     1.279737532e-01 0)
(     5.093559180e-01     1.279778624e-01 0)
(     5.104831870e-01     1.279808325e-01 0)
(     5.116110323e-01     1.279825771e-01 0)
(     5.127388782e-01     1.279832403e-01 0)
(     5.138667235e-01     1.279827068e-01 0)
(     5.149945694e-01     1.279810055e-01 0)
(     5.161224147e-01     1.279781075e-01 0)
(     5.172502606e-01     1.279739983e-01 0)
(     5.183781060e-01     1.279686780e-01 0)
(     5.195059519e-01     1.279621465e-01 0)
(     5.206337972e-01     1.279544040e-01 0)
(     5.217616431e-01     1.279453927e-01 0)
(     5.228894884e-01     1.279352279e-01 0)
(     5.240173343e-01     1.279237943e-01 0)
(     5.251451796e-01     1.279112217e-01 0)
(     5.262723331e-01     1.278974379e-01 0)
(     5.274001790e-01     1.278825584e-01 0)
(     5.285280243e-01     1.278664677e-01 0)
(     5.296558702e-01     1.278492380e-01 0)
(     5.307837155e-01     1.278308549e-01 0)
(     5.319115614e-01     1.278113759e-01 0)
(     5.330394067e-01     1.277907580e-01 0)
(     5.341666757e-01     1.277690442e-01 0)
(     5.352950980e-01     1.277461915e-01 0)
(     5.364229439e-01     1.277221132e-01 0)
(     5.375507892e-01     1.276968958e-01 0)
(     5.386786351e-01     1.276704097e-01 0)
(     5.398064804e-01     1.276427124e-01 0)
(     5.409343263e-01     1.276136309e-01 0)
(     5.420621716e-01     1.275833384e-01 0)
(     5.431894406e-01     1.275515896e-01 0)
(     5.443172865e-01     1.275184423e-01 0)
(     5.454444400e-01     1.274838532e-01 0)
(     5.465722853e-01     1.274478655e-01 0)
(     5.477001312e-01     1.274103783e-01 0)
(     5.488285535e-01     1.273713772e-01 0)
(     5.499563988e-01     1.273309198e-01 0)
(     5.510842447e-01     1.272890639e-01 0)
(     5.522120900e-01     1.272457662e-01 0)
(     5.533399359e-01     1.272010699e-01 0)
(     5.544677812e-01     1.271550616e-01 0)
(     5.555956271e-01     1.271076403e-01 0)
(     5.567228961e-01     1.270589069e-01 0)
(     5.578507414e-01     1.270088904e-01 0)
(     5.589785873e-01     1.269576050e-01 0)
(     5.601064326e-01     1.269049932e-01 0)
(     5.612348549e-01     1.268510549e-01 0)
(     5.623639695e-01     1.267959054e-01 0)
(     5.634923918e-01     1.267392997e-01 0)
(     5.646213909e-01     1.266813676e-01 0)
(     5.657498131e-01     1.266220369e-01 0)
(     5.668789278e-01     1.265611346e-01 0)
(     5.680073500e-01     1.264987328e-01 0)
(     5.691357723e-01     1.264348028e-01 0)
(     5.702643100e-01     1.263692002e-01 0)
(     5.713927322e-01     1.263019395e-01 0)
(     5.725205781e-01     1.262329486e-01 0)
(     5.736490004e-01     1.261621843e-01 0)
(     5.747768457e-01     1.260896178e-01 0)
(     5.759052679e-01     1.260151768e-01 0)
(     5.770336901e-01     1.259389769e-01 0)
(     5.781615360e-01     1.258609747e-01 0)
(     5.792900738e-01     1.257810837e-01 0)
(     5.804179191e-01     1.256994481e-01 0)
(     5.815450726e-01     1.256159815e-01 0)
(     5.826729185e-01     1.255307846e-01 0)
(     5.838001875e-01     1.254436989e-01 0)
(     5.849280328e-01     1.253547966e-01 0)
(     5.860553018e-01     1.252641497e-01 0)
(     5.871824552e-01     1.251716284e-01 0)
(     5.883109930e-01     1.250772904e-01 0)
(     5.894394152e-01     1.249810060e-01 0)
(     5.905678374e-01     1.248829193e-01 0)
(     5.916956834e-01     1.247830159e-01 0)
(     5.928241056e-01     1.246811805e-01 0)
(     5.939519515e-01     1.245774707e-01 0)
(     5.950797968e-01     1.244718722e-01 0)
(     5.962070658e-01     1.243642983e-01 0)
(     5.973343348e-01     1.242548357e-01 0)
(     5.984614883e-01     1.241433834e-01 0)
(     5.995887573e-01     1.240299270e-01 0)
(     6.007160256e-01     1.239144952e-01 0)
(     6.018444485e-01     1.237968719e-01 0)
(     6.029728707e-01     1.236771291e-01 0)
(     6.041019848e-01     1.235552670e-01 0)
(     6.052304076e-01     1.234314150e-01 0)
(     6.063582529e-01     1.233053859e-01 0)
(     6.074866751e-01     1.231772518e-01 0)
(     6.086139441e-01     1.230469261e-01 0)
(     6.097417894e-01     1.229144233e-01 0)
(     6.108683666e-01     1.227797577e-01 0)
(     6.119956356e-01     1.226427853e-01 0)
(     6.131223276e-01     1.225036213e-01 0)
(     6.142500581e-01     1.223619917e-01 0)
(     6.153785958e-01     1.222179544e-01 0)
(     6.165081713e-01     1.220712353e-01 0)
(     6.176372859e-01     1.219220506e-01 0)
(     6.187662845e-01     1.217702563e-01 0)
(     6.198953991e-01     1.216156793e-01 0)
(     6.210232450e-01     1.214582042e-01 0)
(     6.221510903e-01     1.212978311e-01 0)
(     6.232782438e-01     1.211344302e-01 0)
(     6.244049359e-01     1.209678285e-01 0)
(     6.255309361e-01     1.207978961e-01 0)
(     6.266569364e-01     1.206246331e-01 0)
(     6.277842054e-01     1.204475061e-01 0)
(     6.289138963e-01     1.202663276e-01 0)
(     6.300447406e-01     1.200812129e-01 0)
(     6.311755854e-01     1.198925370e-01 0)
(     6.323052764e-01     1.197002853e-01 0)
(     6.334349673e-01     1.195044724e-01 0)
(     6.345633902e-01     1.193052136e-01 0)
(     6.356918124e-01     1.191025087e-01 0)
(     6.368196577e-01     1.188964012e-01 0)
(     6.379462349e-01     1.186868622e-01 0)
(     6.390729269e-01     1.184739926e-01 0)
(     6.401995035e-01     1.182578068e-01 0)
(     6.413291951e-01     1.180374974e-01 0)
(     6.424631537e-01     1.178128338e-01 0)
(     6.436005727e-01     1.175828498e-01 0)
(     6.447363776e-01     1.173473581e-01 0)
(     6.458713746e-01     1.171053494e-01 0)
(     6.470040645e-01     1.168555261e-01 0)
(     6.481350242e-01     1.165969942e-01 0)
(     6.492634470e-01     1.163286147e-01 0)
(     6.503894467e-01     1.160492197e-01 0)
(     6.515118711e-01     1.157578000e-01 0)
(     6.526311811e-01     1.154531877e-01 0)
(     6.537463389e-01     1.151343734e-01 0)
(     6.541569678e-01     1.150131168e-01 0)
(     0.654157            0.115013        0)
