/*--------------------------------*- C++ -*----------------------------------*\
| =========                 |                                                 |
| \\      /  F ield         | OpenFOAM: The Open Source CFD Toolbox           |
|  \\    /   O peration     | Version:  2406                                  |
|   \\  /    A nd           | Website:  www.openfoam.com                      |
|    \\/     M anipulation  |                                                 |
\*---------------------------------------------------------------------------*/
FoamFile
{
    version     2.0;
    format      ascii;
    arch        "LSB;label=32;scalar=64";
    note        "nPoints:3712  nCells:1725  nFaces:7030  nInternalFaces:3320";
    class       labelList;
    location    "constant/polyMesh";
    object      neighbour;
}
// * * * * * * * * * * * * * * * * * * * * * * * * * * * * * * * * * * * * * //


3320
(
1
5
2
6
3
7
4
8
9
75
6
10
7
11
8
12
9
13
14
85
11
15
12
16
13
17
14
18
19
95
16
20
17
21
18
22
19
23
24
105
21
25
22
26
23
27
24
28
29
115
26
30
27
31
28
32
29
33
34
125
31
35
32
36
33
37
34
38
39
135
36
40
37
41
38
42
39
43
44
145
41
45
42
46
43
47
44
48
49
155
46
50
47
51
48
52
49
53
54
165
51
55
52
56
53
57
54
58
59
175
56
60
57
61
58
62
59
63
64
185
61
65
62
66
63
67
64
68
69
195
66
70
67
71
68
72
69
73
74
205
71
72
73
74
215
76
85
77
86
78
87
79
88
80
89
81
90
82
91
83
92
84
93
94
225
86
95
87
96
88
97
89
98
90
99
91
100
92
101
93
102
94
103
104
265
96
105
97
106
98
107
99
108
100
109
101
110
102
111
103
112
104
113
114
305
106
115
107
116
108
117
109
118
110
119
111
120
112
121
113
122
114
123
124
345
116
125
117
126
118
127
119
128
120
129
121
130
122
131
123
132
124
133
134
385
126
135
127
136
128
137
129
138
130
139
131
140
132
141
133
142
134
143
144
425
136
145
137
146
138
147
139
148
140
149
141
150
142
151
143
152
144
153
154
465
146
155
147
156
148
157
149
158
150
159
151
160
152
161
153
162
154
163
164
505
156
165
157
166
158
167
159
168
160
169
161
170
162
171
163
172
164
173
174
545
166
175
167
176
168
177
169
178
170
179
171
180
172
181
173
182
174
183
184
585
176
185
177
186
178
187
179
188
180
189
181
190
182
191
183
192
184
193
194
625
186
195
187
196
188
197
189
198
190
199
191
200
192
201
193
202
194
203
204
665
196
205
197
206
198
207
199
208
200
209
201
210
202
211
203
212
204
213
214
705
206
215
207
216
208
217
209
218
210
219
211
220
212
221
213
222
214
223
224
745
216
217
218
219
220
221
222
223
224
785
226
265
227
266
228
267
229
268
230
269
231
270
232
271
233
272
234
273
235
274
236
275
237
276
238
277
239
278
240
279
241
280
242
281
243
282
244
283
245
284
246
285
247
286
248
287
249
288
250
289
251
290
252
291
253
292
254
293
255
294
256
295
257
296
258
297
259
298
260
299
261
300
262
301
263
302
264
303
304
825
266
305
267
306
268
307
269
308
270
309
271
310
272
311
273
312
274
313
275
314
276
315
277
316
278
317
279
318
280
319
281
320
282
321
283
322
284
323
285
324
286
325
287
326
288
327
289
328
290
329
291
330
292
331
293
332
294
333
295
334
296
335
297
336
298
337
299
338
300
339
301
340
302
341
303
342
304
343
344
835
306
345
307
346
308
347
309
348
310
349
311
350
312
351
313
352
314
353
315
354
316
355
317
356
318
357
319
358
320
359
321
360
322
361
323
362
324
363
325
364
326
365
327
366
328
367
329
368
330
369
331
370
332
371
333
372
334
373
335
374
336
375
337
376
338
377
339
378
340
379
341
380
342
381
343
382
344
383
384
845
346
385
347
386
348
387
349
388
350
389
351
390
352
391
353
392
354
393
355
394
356
395
357
396
358
397
359
398
360
399
361
400
362
401
363
402
364
403
365
404
366
405
367
406
368
407
369
408
370
409
371
410
372
411
373
412
374
413
375
414
376
415
377
416
378
417
379
418
380
419
381
420
382
421
383
422
384
423
424
855
386
425
387
426
388
427
389
428
390
429
391
430
392
431
393
432
394
433
395
434
396
435
397
436
398
437
399
438
400
439
401
440
402
441
403
442
404
443
405
444
406
445
407
446
408
447
409
448
410
449
411
450
412
451
413
452
414
453
415
454
416
455
417
456
418
457
419
458
420
459
421
460
422
461
423
462
424
463
464
865
426
465
427
466
428
467
429
468
430
469
431
470
432
471
433
472
434
473
435
474
436
475
437
476
438
477
439
478
440
479
441
480
442
481
443
482
444
483
445
484
446
485
447
486
448
487
449
488
450
489
451
490
452
491
453
492
454
493
455
494
456
495
457
496
458
497
459
498
460
499
461
500
462
501
463
502
464
503
504
875
466
505
467
506
468
507
469
508
470
509
471
510
472
511
473
512
474
513
475
514
476
515
477
516
478
517
479
518
480
519
481
520
482
521
483
522
484
523
485
524
486
525
487
526
488
527
489
528
490
529
491
530
492
531
493
532
494
533
495
534
496
535
497
536
498
537
499
538
500
539
501
540
502
541
503
542
504
543
544
885
506
545
507
546
508
547
509
548
510
549
511
550
512
551
513
552
514
553
515
554
516
555
517
556
518
557
519
558
520
559
521
560
522
561
523
562
524
563
525
564
526
565
527
566
528
567
529
568
530
569
531
570
532
571
533
572
534
573
535
574
536
575
537
576
538
577
539
578
540
579
541
580
542
581
543
582
544
583
584
895
546
585
547
586
548
587
549
588
550
589
551
590
552
591
553
592
554
593
555
594
556
595
557
596
558
597
559
598
560
599
561
600
562
601
563
602
564
603
565
604
566
605
567
606
568
607
569
608
570
609
571
610
572
611
573
612
574
613
575
614
576
615
577
616
578
617
579
618
580
619
581
620
582
621
583
622
584
623
624
905
586
625
587
626
588
627
589
628
590
629
591
630
592
631
593
632
594
633
595
634
596
635
597
636
598
637
599
638
600
639
601
640
602
641
603
642
604
643
605
644
606
645
607
646
608
647
609
648
610
649
611
650
612
651
613
652
614
653
615
654
616
655
617
656
618
657
619
658
620
659
621
660
622
661
623
662
624
663
664
915
626
665
627
666
628
667
629
668
630
669
631
670
632
671
633
672
634
673
635
674
636
675
637
676
638
677
639
678
640
679
641
680
642
681
643
682
644
683
645
684
646
685
647
686
648
687
649
688
650
689
651
690
652
691
653
692
654
693
655
694
656
695
657
696
658
697
659
698
660
699
661
700
662
701
663
702
664
703
704
925
666
705
667
706
668
707
669
708
670
709
671
710
672
711
673
712
674
713
675
714
676
715
677
716
678
717
679
718
680
719
681
720
682
721
683
722
684
723
685
724
686
725
687
726
688
727
689
728
690
729
691
730
692
731
693
732
694
733
695
734
696
735
697
736
698
737
699
738
700
739
701
740
702
741
703
742
704
743
744
935
706
745
707
746
708
747
709
748
710
749
711
750
712
751
713
752
714
753
715
754
716
755
717
756
718
757
719
758
720
759
721
760
722
761
723
762
724
763
725
764
726
765
727
766
728
767
729
768
730
769
731
770
732
771
733
772
734
773
735
774
736
775
737
776
738
777
739
778
740
779
741
780
742
781
743
782
744
783
784
945
746
785
747
786
748
787
749
788
750
789
751
790
752
791
753
792
754
793
755
794
756
795
757
796
758
797
759
798
760
799
761
800
762
801
763
802
764
803
765
804
766
805
767
806
768
807
769
808
770
809
771
810
772
811
773
812
774
813
775
814
776
815
777
816
778
817
779
818
780
819
781
820
782
821
783
822
784
823
824
955
786
787
788
789
790
791
792
793
794
795
796
797
798
799
800
801
802
803
804
805
806
807
808
809
810
811
812
813
814
815
816
817
818
819
820
821
822
823
824
965
826
835
827
836
828
837
829
838
830
839
831
840
832
841
833
842
834
843
844
975
836
845
837
846
838
847
839
848
840
849
841
850
842
851
843
852
844
853
854
1015
846
855
847
856
848
857
849
858
850
859
851
860
852
861
853
862
854
863
864
1055
856
865
857
866
858
867
859
868
860
869
861
870
862
871
863
872
864
873
874
1095
866
875
867
876
868
877
869
878
870
879
871
880
872
881
873
882
874
883
884
1135
876
885
877
886
878
887
879
888
880
889
881
890
882
891
883
892
884
893
894
1175
886
895
887
896
888
897
889
898
890
899
891
900
892
901
893
902
894
903
904
1215
896
905
897
906
898
907
899
908
900
909
901
910
902
911
903
912
904
913
914
1255
906
915
907
916
908
917
909
918
910
919
911
920
912
921
913
922
914
923
924
1295
916
925
917
926
918
927
919
928
920
929
921
930
922
931
923
932
924
933
934
1335
926
935
927
936
928
937
929
938
930
939
931
940
932
941
933
942
934
943
944
1375
936
945
937
946
938
947
939
948
940
949
941
950
942
951
943
952
944
953
954
1415
946
955
947
956
948
957
949
958
950
959
951
960
952
961
953
962
954
963
964
1455
956
965
957
966
958
967
959
968
960
969
961
970
962
971
963
972
964
973
974
1495
966
967
968
969
970
971
972
973
974
1535
976
1015
977
1016
978
1017
979
1018
980
1019
981
1020
982
1021
983
1022
984
1023
985
1024
986
1025
987
1026
988
1027
989
1028
990
1029
991
1030
992
1031
993
1032
994
1033
995
1034
996
1035
997
1036
998
1037
999
1038
1000
1039
1001
1040
1002
1041
1003
1042
1004
1043
1005
1044
1006
1045
1007
1046
1008
1047
1009
1048
1010
1049
1011
1050
1012
1051
1013
1052
1014
1053
1054
1575
1016
1055
1017
1056
1018
1057
1019
1058
1020
1059
1021
1060
1022
1061
1023
1062
1024
1063
1025
1064
1026
1065
1027
1066
1028
1067
1029
1068
1030
1069
1031
1070
1032
1071
1033
1072
1034
1073
1035
1074
1036
1075
1037
1076
1038
1077
1039
1078
1040
1079
1041
1080
1042
1081
1043
1082
1044
1083
1045
1084
1046
1085
1047
1086
1048
1087
1049
1088
1050
1089
1051
1090
1052
1091
1053
1092
1054
1093
1094
1585
1056
1095
1057
1096
1058
1097
1059
1098
1060
1099
1061
1100
1062
1101
1063
1102
1064
1103
1065
1104
1066
1105
1067
1106
1068
1107
1069
1108
1070
1109
1071
1110
1072
1111
1073
1112
1074
1113
1075
1114
1076
1115
1077
1116
1078
1117
1079
1118
1080
1119
1081
1120
1082
1121
1083
1122
1084
1123
1085
1124
1086
1125
1087
1126
1088
1127
1089
1128
1090
1129
1091
1130
1092
1131
1093
1132
1094
1133
1134
1595
1096
1135
1097
1136
1098
1137
1099
1138
1100
1139
1101
1140
1102
1141
1103
1142
1104
1143
1105
1144
1106
1145
1107
1146
1108
1147
1109
1148
1110
1149
1111
1150
1112
1151
1113
1152
1114
1153
1115
1154
1116
1155
1117
1156
1118
1157
1119
1158
1120
1159
1121
1160
1122
1161
1123
1162
1124
1163
1125
1164
1126
1165
1127
1166
1128
1167
1129
1168
1130
1169
1131
1170
1132
1171
1133
1172
1134
1173
1174
1605
1136
1175
1137
1176
1138
1177
1139
1178
1140
1179
1141
1180
1142
1181
1143
1182
1144
1183
1145
1184
1146
1185
1147
1186
1148
1187
1149
1188
1150
1189
1151
1190
1152
1191
1153
1192
1154
1193
1155
1194
1156
1195
1157
1196
1158
1197
1159
1198
1160
1199
1161
1200
1162
1201
1163
1202
1164
1203
1165
1204
1166
1205
1167
1206
1168
1207
1169
1208
1170
1209
1171
1210
1172
1211
1173
1212
1174
1213
1214
1615
1176
1215
1177
1216
1178
1217
1179
1218
1180
1219
1181
1220
1182
1221
1183
1222
1184
1223
1185
1224
1186
1225
1187
1226
1188
1227
1189
1228
1190
1229
1191
1230
1192
1231
1193
1232
1194
1233
1195
1234
1196
1235
1197
1236
1198
1237
1199
1238
1200
1239
1201
1240
1202
1241
1203
1242
1204
1243
1205
1244
1206
1245
1207
1246
1208
1247
1209
1248
1210
1249
1211
1250
1212
1251
1213
1252
1214
1253
1254
1625
1216
1255
1217
1256
1218
1257
1219
1258
1220
1259
1221
1260
1222
1261
1223
1262
1224
1263
1225
1264
1226
1265
1227
1266
1228
1267
1229
1268
1230
1269
1231
1270
1232
1271
1233
1272
1234
1273
1235
1274
1236
1275
1237
1276
1238
1277
1239
1278
1240
1279
1241
1280
1242
1281
1243
1282
1244
1283
1245
1284
1246
1285
1247
1286
1248
1287
1249
1288
1250
1289
1251
1290
1252
1291
1253
1292
1254
1293
1294
1635
1256
1295
1257
1296
1258
1297
1259
1298
1260
1299
1261
1300
1262
1301
1263
1302
1264
1303
1265
1304
1266
1305
1267
1306
1268
1307
1269
1308
1270
1309
1271
1310
1272
1311
1273
1312
1274
1313
1275
1314
1276
1315
1277
1316
1278
1317
1279
1318
1280
1319
1281
1320
1282
1321
1283
1322
1284
1323
1285
1324
1286
1325
1287
1326
1288
1327
1289
1328
1290
1329
1291
1330
1292
1331
1293
1332
1294
1333
1334
1645
1296
1335
1297
1336
1298
1337
1299
1338
1300
1339
1301
1340
1302
1341
1303
1342
1304
1343
1305
1344
1306
1345
1307
1346
1308
1347
1309
1348
1310
1349
1311
1350
1312
1351
1313
1352
1314
1353
1315
1354
1316
1355
1317
1356
1318
1357
1319
1358
1320
1359
1321
1360
1322
1361
1323
1362
1324
1363
1325
1364
1326
1365
1327
1366
1328
1367
1329
1368
1330
1369
1331
1370
1332
1371
1333
1372
1334
1373
1374
1655
1336
1375
1337
1376
1338
1377
1339
1378
1340
1379
1341
1380
1342
1381
1343
1382
1344
1383
1345
1384
1346
1385
1347
1386
1348
1387
1349
1388
1350
1389
1351
1390
1352
1391
1353
1392
1354
1393
1355
1394
1356
1395
1357
1396
1358
1397
1359
1398
1360
1399
1361
1400
1362
1401
1363
1402
1364
1403
1365
1404
1366
1405
1367
1406
1368
1407
1369
1408
1370
1409
1371
1410
1372
1411
1373
1412
1374
1413
1414
1665
1376
1415
1377
1416
1378
1417
1379
1418
1380
1419
1381
1420
1382
1421
1383
1422
1384
1423
1385
1424
1386
1425
1387
1426
1388
1427
1389
1428
1390
1429
1391
1430
1392
1431
1393
1432
1394
1433
1395
1434
1396
1435
1397
1436
1398
1437
1399
1438
1400
1439
1401
1440
1402
1441
1403
1442
1404
1443
1405
1444
1406
1445
1407
1446
1408
1447
1409
1448
1410
1449
1411
1450
1412
1451
1413
1452
1414
1453
1454
1675
1416
1455
1417
1456
1418
1457
1419
1458
1420
1459
1421
1460
1422
1461
1423
1462
1424
1463
1425
1464
1426
1465
1427
1466
1428
1467
1429
1468
1430
1469
1431
1470
1432
1471
1433
1472
1434
1473
1435
1474
1436
1475
1437
1476
1438
1477
1439
1478
1440
1479
1441
1480
1442
1481
1443
1482
1444
1483
1445
1484
1446
1485
1447
1486
1448
1487
1449
1488
1450
1489
1451
1490
1452
1491
1453
1492
1454
1493
1494
1685
1456
1495
1457
1496
1458
1497
1459
1498
1460
1499
1461
1500
1462
1501
1463
1502
1464
1503
1465
1504
1466
1505
1467
1506
1468
1507
1469
1508
1470
1509
1471
1510
1472
1511
1473
1512
1474
1513
1475
1514
1476
1515
1477
1516
1478
1517
1479
1518
1480
1519
1481
1520
1482
1521
1483
1522
1484
1523
1485
1524
1486
1525
1487
1526
1488
1527
1489
1528
1490
1529
1491
1530
1492
1531
1493
1532
1494
1533
1534
1695
1496
1535
1497
1536
1498
1537
1499
1538
1500
1539
1501
1540
1502
1541
1503
1542
1504
1543
1505
1544
1506
1545
1507
1546
1508
1547
1509
1548
1510
1549
1511
1550
1512
1551
1513
1552
1514
1553
1515
1554
1516
1555
1517
1556
1518
1557
1519
1558
1520
1559
1521
1560
1522
1561
1523
1562
1524
1563
1525
1564
1526
1565
1527
1566
1528
1567
1529
1568
1530
1569
1531
1570
1532
1571
1533
1572
1534
1573
1574
1705
1536
1537
1538
1539
1540
1541
1542
1543
1544
1545
1546
1547
1548
1549
1550
1551
1552
1553
1554
1555
1556
1557
1558
1559
1560
1561
1562
1563
1564
1565
1566
1567
1568
1569
1570
1571
1572
1573
1574
1715
1576
1585
1577
1586
1578
1587
1579
1588
1580
1589
1581
1590
1582
1591
1583
1592
1584
1593
1594
1586
1595
1587
1596
1588
1597
1589
1598
1590
1599
1591
1600
1592
1601
1593
1602
1594
1603
1604
1596
1605
1597
1606
1598
1607
1599
1608
1600
1609
1601
1610
1602
1611
1603
1612
1604
1613
1614
1606
1615
1607
1616
1608
1617
1609
1618
1610
1619
1611
1620
1612
1621
1613
1622
1614
1623
1624
1616
1625
1617
1626
1618
1627
1619
1628
1620
1629
1621
1630
1622
1631
1623
1632
1624
1633
1634
1626
1635
1627
1636
1628
1637
1629
1638
1630
1639
1631
1640
1632
1641
1633
1642
1634
1643
1644
1636
1645
1637
1646
1638
1647
1639
1648
1640
1649
1641
1650
1642
1651
1643
1652
1644
1653
1654
1646
1655
1647
1656
1648
1657
1649
1658
1650
1659
1651
1660
1652
1661
1653
1662
1654
1663
1664
1656
1665
1657
1666
1658
1667
1659
1668
1660
1669
1661
1670
1662
1671
1663
1672
1664
1673
1674
1666
1675
1667
1676
1668
1677
1669
1678
1670
1679
1671
1680
1672
1681
1673
1682
1674
1683
1684
1676
1685
1677
1686
1678
1687
1679
1688
1680
1689
1681
1690
1682
1691
1683
1692
1684
1693
1694
1686
1695
1687
1696
1688
1697
1689
1698
1690
1699
1691
1700
1692
1701
1693
1702
1694
1703
1704
1696
1705
1697
1706
1698
1707
1699
1708
1700
1709
1701
1710
1702
1711
1703
1712
1704
1713
1714
1706
1715
1707
1716
1708
1717
1709
1718
1710
1719
1711
1720
1712
1721
1713
1722
1714
1723
1724
1716
1717
1718
1719
1720
1721
1722
1723
1724
)


// ************************************************************************* //
