/*--------------------------------*- C++ -*----------------------------------*\
| =========                 |                                                 |
| \\      /  F ield         | OpenFOAM: The Open Source CFD Toolbox           |
|  \\    /   O peration     | Version:  2406                                  |
|   \\  /    A nd           | Website:  www.openfoam.com                      |
|    \\/     M anipulation  |                                                 |
\*---------------------------------------------------------------------------*/
FoamFile
{
    version     2.0;
    format      ascii;
    arch        "LSB;label=32;scalar=64";
    class       faceSet;
    location    "constant/polyMesh/sets";
    object      xAfterFaces;
}
// * * * * * * * * * * * * * * * * * * * * * * * * * * * * * * * * * * * * * //


200
(
138856
138857
138858
138859
138860
138861
138862
138863
138864
138865
138866
138867
138868
138869
138870
138871
138872
138873
138874
138875
138876
138877
138878
138879
138880
138881
138882
138883
138884
138885
138886
138887
138888
138889
138890
138891
138892
138893
138894
138895
138896
138897
138898
138899
138900
138901
138902
138903
138904
138905
138906
138907
138908
138909
138910
138911
138912
138913
138914
138915
138916
138917
138918
138919
138920
138921
138922
138923
138924
138925
138926
138927
138928
138929
138930
138931
138932
138933
138934
138935
138936
138937
138938
138939
138940
138941
138942
138943
138944
138945
138946
138947
138948
138949
138950
138951
138952
138953
138954
138955
138956
138957
138958
138959
138960
138961
138962
138963
138964
138965
138966
138967
138968
138969
138970
138971
138972
138973
138974
138975
138976
138977
138978
138979
138980
138981
138982
138983
138984
138985
138986
138987
138988
138989
138990
138991
138992
138993
138994
138995
138996
138997
138998
138999
139000
139001
139002
139003
139004
139005
139006
139007
139008
139009
139010
139011
139012
139013
139014
139015
139016
139017
139018
139019
139020
139021
139022
139023
139024
139025
139026
139027
139028
139029
139030
139031
139032
139033
139034
139035
139036
139037
139038
139039
139040
139041
139042
139043
139044
139045
139046
139047
139048
139049
139050
139051
139052
139053
139054
139055
)


// ************************************************************************* //
