(0.658481 0.113582 0)
(0.658655 0.113518 0)
(0.658885 0.113433 0)
(0.659182 0.113322 0)
(0.659477 0.113209 0)
(0.659772 0.113095 0)
(0.660066 0.11298 0)
(0.66036 0.112863 0)
(0.660653 0.112745 0)
(0.660945 0.112625 0)
(0.661237 0.112504 0)
(0.661529 0.112382 0)
(0.661819 0.112258 0)
(0.662109 0.112133 0)
(0.662398 0.112006 0)
(0.662687 0.111877 0)
(0.662975 0.111747 0)
(0.663262 0.111616 0)
(0.663548 0.111483 0)
(0.663833 0.111348 0)
(0.664119 0.111212 0)
(0.664403 0.111074 0)
(0.664686 0.110935 0)
(0.664969 0.110794 0)
(0.66525 0.110652 0)
(0.665531 0.110508 0)
(0.665789 0.110373 0)
(0.666026 0.110249 0)
(0.666241 0.110134 0)
(0.666455 0.110019 0)
(0.666669 0.109902 0)
(0.666883 0.109785 0)
(0.667095 0.109667 0)
(0.667308 0.109548 0)
(0.667519 0.109428 0)
(0.667731 0.109307 0)
(0.667941 0.109186 0)
(0.668152 0.109064 0)
(0.668362 0.10894 0)
(0.668572 0.108817 0)
(0.668781 0.108692 0)
(0.668989 0.108567 0)
(0.669198 0.10844 0)
(0.669405 0.108314 0)
(0.669614 0.108186 0)
(0.66982 0.108058 0)
(0.670027 0.107929 0)
(0.670233 0.1078 0)
(0.670439 0.107669 0)
(0.670645 0.107539 0)
(0.670849 0.107407 0)
(0.671054 0.107276 0)
(0.671262 0.107141 0)
(0.671473 0.107004 0)
(0.671686 0.106863 0)
(0.671899 0.106723 0)
(0.672112 0.106581 0)
(0.672325 0.106439 0)
(0.672537 0.106297 0)
(0.672749 0.106154 0)
(0.67296 0.10601 0)
(0.673171 0.105866 0)
(0.673382 0.105722 0)
(0.673592 0.105576 0)
(0.673802 0.105431 0)
(0.674011 0.105285 0)
(0.67422 0.105138 0)
(0.67443 0.104991 0)
(0.674638 0.104843 0)
(0.674846 0.104695 0)
(0.675054 0.104547 0)
(0.675262 0.104398 0)
(0.675469 0.104248 0)
(0.675676 0.104099 0)
(0.675883 0.103948 0)
(0.676089 0.103798 0)
(0.676295 0.103647 0)
(0.6765 0.103495 0)
(0.676708 0.103341 0)
(0.676919 0.103185 0)
(0.677132 0.103026 0)
(0.677344 0.102867 0)
(0.677556 0.102708 0)
(0.677768 0.102548 0)
(0.677979 0.102388 0)
(0.67819 0.102228 0)
(0.678401 0.102067 0)
(0.678612 0.101905 0)
(0.678822 0.101744 0)
(0.679032 0.101582 0)
(0.679242 0.101419 0)
(0.679451 0.101257 0)
(0.679661 0.101094 0)
(0.679869 0.10093 0)
(0.680079 0.100767 0)
(0.680287 0.100603 0)
(0.680495 0.100439 0)
(0.680703 0.100274 0)
(0.680911 0.100109 0)
(0.681119 0.099944 0)
(0.681326 0.099779 0)
(0.681533 0.099613 0)
(0.68174 0.099447 0)
(0.681947 0.099281 0)
(0.682118 0.099143 0)
(0.682253 0.099034 0)
(0.682352 0.098954 0)
(0.682452 0.098874 0)
(0.682551 0.098793 0)
(0.68265 0.098713 0)
(0.682749 0.098632 0)
(0.682849 0.098552 0)
(0.682948 0.098471 0)
(0.683047 0.09839 0)
(0.683146 0.09831 0)
(0.683245 0.098229 0)
(0.683344 0.098148 0)
(0.683443 0.098067 0)
(0.683541 0.097986 0)
(0.68364 0.097905 0)
(0.683739 0.097824 0)
(0.683838 0.097743 0)
(0.683937 0.097662 0)
(0.684035 0.097581 0)
(0.684134 0.0975 0)
(0.684233 0.097419 0)
(0.684331 0.097337 0)
(0.68443 0.097256 0)
(0.684487 0.097209 0)
(0.685197 0.096621 0)
(0.6858 0.09612 0)
(0.686401 0.095617 0)
(0.687001 0.095114 0)
(0.687629 0.094586 0)
(0.688284 0.094034 0)
(0.688967 0.093457 0)
(0.689649 0.092879 0)
(0.69033 0.092301 0)
(0.69101 0.091722 0)
(0.69169 0.091142 0)
(0.69237 0.090562 0)
(0.693049 0.089981 0)
(0.693728 0.089399 0)
(0.694407 0.088817 0)
(0.695086 0.088235 0)
(0.695765 0.087654 0)
(0.696444 0.087072 0)
(0.697124 0.086492 0)
(0.697805 0.085912 0)
(0.698606 0.085233 0)
(0.699527 0.084455 0)
(0.70057 0.083579 0)
(0.701615 0.082706 0)
(0.702661 0.081834 0)
(0.70371 0.080965 0)
(0.704758 0.080096 0)
(0.705808 0.079229 0)
(0.707026 0.078223 0)
(0.708414 0.07708 0)
(0.70997 0.075799 0)
(0.711528 0.074521 0)
(0.713091 0.073247 0)
(0.714657 0.071979 0)
(0.716228 0.070717 0)
(0.717807 0.069464 0)
(0.719288 0.0683 0)
(0.720674 0.067225 0)
(0.721961 0.066238 0)
(0.723252 0.065257 0)
(0.724549 0.064283 0)
(0.725851 0.063315 0)
(0.727157 0.062353 0)
(0.728468 0.061398 0)
(0.72977 0.060456 0)
(0.731066 0.059529 0)
(0.732354 0.058616 0)
(0.733645 0.05771 0)
(0.734941 0.056809 0)
(0.736242 0.055915 0)
(0.737547 0.055028 0)
(0.738858 0.054149 0)
(0.74016 0.053285 0)
(0.741454 0.052437 0)
(0.742741 0.051604 0)
(0.744033 0.050779 0)
(0.74533 0.049962 0)
(0.74663 0.049153 0)
(0.747937 0.048351 0)
(0.749248 0.047557 0)
(0.750552 0.046779 0)
(0.751847 0.046015 0)
(0.753136 0.045267 0)
(0.75443 0.044526 0)
(0.755728 0.043793 0)
(0.757029 0.043068 0)
(0.758336 0.042352 0)
(0.759647 0.041643 0)
(0.760951 0.040949 0)
(0.762248 0.04027 0)
(0.763537 0.039604 0)
(0.764829 0.038946 0)
(0.766126 0.038297 0)
(0.767427 0.037656 0)
(0.768732 0.037023 0)
(0.770041 0.036398 0)
(0.771344 0.035786 0)
(0.77264 0.035187 0)
(0.77393 0.0346 0)
(0.775224 0.034022 0)
(0.776522 0.033451 0)
(0.777822 0.032888 0)
(0.779126 0.032334 0)
(0.780434 0.031787 0)
(0.781736 0.031251 0)
(0.783035 0.030726 0)
(0.784328 0.030212 0)
(0.785624 0.029705 0)
(0.786922 0.029205 0)
(0.788224 0.028713 0)
(0.789528 0.028227 0)
(0.790835 0.027748 0)
(0.792138 0.027279 0)
(0.793436 0.026818 0)
(0.794729 0.026366 0)
(0.796024 0.025921 0)
(0.797322 0.025482 0)
(0.798622 0.02505 0)
(0.799924 0.024624 0)
(0.801229 0.024204 0)
(0.80253 0.023792 0)
(0.803827 0.023388 0)
(0.805122 0.022992 0)
(0.806419 0.022602 0)
(0.807717 0.022217 0)
(0.809017 0.021838 0)
(0.810318 0.021465 0)
(0.811621 0.021096 0)
(0.812921 0.020734 0)
(0.81422 0.020378 0)
(0.815515 0.020028 0)
(0.816812 0.019683 0)
(0.818111 0.019343 0)
(0.81941 0.019007 0)
(0.820711 0.018676 0)
(0.822013 0.01835 0)
(0.823313 0.018029 0)
(0.824612 0.017714 0)
(0.825909 0.017403 0)
(0.827208 0.017097 0)
(0.828508 0.016795 0)
(0.829809 0.016497 0)
(0.83111 0.016204 0)
(0.832412 0.015914 0)
(0.833713 0.015629 0)
(0.835012 0.015349 0)
(0.836309 0.015072 0)
(0.837607 0.0148 0)
(0.838905 0.01453 0)
(0.840205 0.014264 0)
(0.841505 0.014002 0)
(0.842805 0.013742 0)
(0.844105 0.013486 0)
(0.845403 0.013233 0)
(0.846701 0.012983 0)
(0.847999 0.012736 0)
(0.849297 0.012492 0)
(0.850596 0.012251 0)
(0.851896 0.012012 0)
(0.853196 0.011776 0)
(0.854496 0.011543 0)
(0.855795 0.011313 0)
(0.857094 0.011085 0)
(0.858394 0.01086 0)
(0.859693 0.010637 0)
(0.860994 0.010417 0)
(0.862294 0.0102 0)
(0.863595 0.009984 0)
(0.864895 0.009772 0)
(0.866194 0.009562 0)
(0.867492 0.009354 0)
(0.868791 0.009149 0)
(0.870089 0.008945 0)
(0.871388 0.008744 0)
(0.872687 0.008545 0)
(0.873988 0.008348 0)
(0.875287 0.008153 0)
(0.876585 0.007959 0)
(0.877883 0.007768 0)
(0.879182 0.007578 0)
(0.880481 0.007391 0)
(0.881779 0.007205 0)
(0.883079 0.007021 0)
(0.884378 0.006838 0)
(0.885677 0.006657 0)
(0.886976 0.006478 0)
(0.888274 0.006301 0)
(0.889572 0.006126 0)
(0.890871 0.005952 0)
(0.89217 0.00578 0)
(0.893469 0.00561 0)
(0.894768 0.005442 0)
(0.896068 0.005276 0)
(0.897368 0.005112 0)
(0.898667 0.00495 0)
(0.899967 0.00479 0)
(0.901266 0.004632 0)
(0.902567 0.004476 0)
(0.903867 0.004322 0)
(0.905168 0.00417 0)
(0.906467 0.004019 0)
(0.907766 0.003871 0)
(0.909064 0.003725 0)
(0.910363 0.003581 0)
(0.911662 0.003439 0)
(0.912961 0.003299 0)
(0.91426 0.003162 0)
(0.915559 0.003027 0)
(0.916858 0.002895 0)
(0.918157 0.002766 0)
(0.919455 0.00264 0)
(0.920753 0.002516 0)
(0.922052 0.002395 0)
(0.923351 0.002278 0)
(0.92465 0.002163 0)
(0.925949 0.002051 0)
(0.927249 0.001943 0)
(0.928549 0.001838 0)
(0.929848 0.001736 0)
(0.931147 0.001638 0)
(0.932447 0.001543 0)
(0.933748 0.001452 0)
(0.935048 0.001364 0)
(0.936349 0.00128 0)
(0.937648 0.0012 0)
(0.938948 0.001124 0)
(0.940246 0.001051 0)
(0.941545 0.000983 0)
(0.942843 0.000918 0)
(0.944142 0.000857 0)
(0.945441 0.000799 0)
(0.94674 0.000745 0)
(0.948039 0.000695 0)
(0.949338 0.000649 0)
(0.950637 0.000606 0)
(0.951936 0.000567 0)
(0.953234 0.000531 0)
(0.954533 0.000498 0)
(0.955832 0.000469 0)
(0.957131 0.000442 0)
(0.95843 0.000419 0)
(0.959729 0.000399 0)
(0.961028 0.000381 0)
(0.962326 0.000365 0)
(0.963625 0.000351 0)
(0.964924 0.000339 0)
(0.966223 0.000327 0)
(0.967522 0.000316 0)
(0.968821 0.000305 0)
(0.970121 0.000293 0)
(0.971421 0.000282 0)
(0.972721 0.00027 0)
(0.974021 0.000258 0)
(0.975321 0.000246 0)
(0.976621 0.000233 0)
(0.977921 0.000221 0)
(0.97922 0.00021 0)
(0.980519 0.000198 0)
(0.981818 0.000186 0)
(0.983117 0.000174 0)
(0.984416 0.000162 0)
(0.985715 0.000149 0)
(0.987014 0.000136 0)
(0.988313 0.000121 0)
(0.989611 0.000105 0)
(0.99091 0.000088 0)
(0.992209 0.00007 0)
(0.993507 0.000052 0)
(0.994806 0.000036 0)
(0.996105 0.000021 0)
(0.997404 0.00001 0)
(0.998703 0.000003 0)
(0.99971 0 0)
(1.00000 0 0)
