(0.654157 0.114408 0.1)
(0.653932 0.114404 0.1)
(0.653546 0.114395 0.1)
(0.653161 0.114387 0.1)
(0.652775 0.114377 0.1)
(0.652389 0.114368 0.1)
(0.652004 0.114358 0.1)
(0.651619 0.114348 0.1)
(0.651233 0.114337 0.1)
(0.650848 0.114325 0.1)
(0.650463 0.114314 0.1)
(0.650077 0.114302 0.1)
(0.649692 0.114289 0.1)
(0.649307 0.114276 0.1)
(0.648922 0.114262 0.1)
(0.648537 0.114248 0.1)
(0.648151 0.114233 0.1)
(0.647767 0.114218 0.1)
(0.647381 0.114202 0.1)
(0.646996 0.114185 0.1)
(0.646612 0.114168 0.1)
(0.646226 0.114151 0.1)
(0.645842 0.114132 0.1)
(0.645457 0.114113 0.1)
(0.645073 0.114094 0.1)
(0.644688 0.114074 0.1)
(0.644303 0.114053 0.1)
(0.643919 0.114031 0.1)
(0.643534 0.114009 0.1)
(0.64315 0.113986 0.1)
(0.642696 0.113958 0.1)
(0.642173 0.113925 0.1)
(0.641581 0.113885 0.1)
(0.640989 0.113844 0.1)
(0.640397 0.113801 0.1)
(0.639805 0.113756 0.1)
(0.639214 0.113709 0.1)
(0.638622 0.11366 0.1)
(0.638031 0.113609 0.1)
(0.63744 0.113556 0.1)
(0.636849 0.1135 0.1)
(0.636258 0.113443 0.1)
(0.635667 0.113383 0.1)
(0.635077 0.113322 0.1)
(0.634486 0.113257 0.1)
(0.633896 0.113191 0.1)
(0.633306 0.113122 0.1)
(0.632716 0.113051 0.1)
(0.632126 0.112977 0.1)
(0.631537 0.112901 0.1)
(0.630948 0.112822 0.1)
(0.630359 0.11274 0.1)
(0.62977 0.112656 0.1)
(0.629181 0.112569 0.1)
(0.628593 0.11248 0.1)
(0.628004 0.112387 0.1)
(0.627416 0.112292 0.1)
(0.626828 0.112194 0.1)
(0.626241 0.112093 0.1)
(0.625653 0.111989 0.1)
(0.625066 0.111882 0.1)
(0.624412 0.111759 0.1)
(0.623693 0.111619 0.1)
(0.622908 0.111461 0.1)
(0.622123 0.111297 0.1)
(0.621339 0.111127 0.1)
(0.620556 0.110951 0.1)
(0.619775 0.110769 0.1)
(0.618995 0.11058 0.1)
(0.618217 0.110385 0.1)
(0.61744 0.110183 0.1)
(0.616666 0.109975 0.1)
(0.615893 0.109759 0.1)
(0.615122 0.109536 0.1)
(0.614354 0.109306 0.1)
(0.613589 0.109069 0.1)
(0.612827 0.108824 0.1)
(0.612067 0.108571 0.1)
(0.61131 0.108311 0.1)
(0.610558 0.108043 0.1)
(0.609808 0.107766 0.1)
(0.609061 0.107482 0.1)
(0.608319 0.107189 0.1)
(0.607581 0.106887 0.1)
(0.606847 0.106577 0.1)
(0.606117 0.106259 0.1)
(0.605392 0.105931 0.1)
(0.604672 0.105594 0.1)
(0.603956 0.105248 0.1)
(0.603245 0.104893 0.1)
(0.602539 0.104529 0.1)
(0.602069 0.104279 0.1)
(0.60183 0.10415 0.1)
(0.601598 0.104023 0.1)
(0.601173 0.103787 0.1)
(0.601035 0.103709 0.1)
(0.600782 0.103565 0.1)
(0.60001 0.103115 0.1)
(0.598891 0.102435 0.1)
(0.597787 0.101729 0.1)
(0.596698 0.101 0.1)
(0.595622 0.100248 0.1)
(0.59456 0.099475 0.1)
(0.593512 0.098681 0.1)
(0.592476 0.097868 0.1)
(0.591453 0.097037 0.1)
(0.590443 0.096189 0.1)
(0.589445 0.095324 0.1)
(0.588458 0.094445 0.1)
(0.587482 0.093551 0.1)
(0.586518 0.092645 0.1)
(0.585564 0.091727 0.1)
(0.58462 0.090798 0.1)
(0.583686 0.089859 0.1)
(0.582802 0.088953 0.1)
(0.581965 0.08808 0.1)
(0.581175 0.087243 0.1)
(0.580392 0.0864 0.1)
(0.579618 0.085551 0.1)
(0.578852 0.084695 0.1)
(0.578095 0.083832 0.1)
(0.577346 0.082963 0.1)
(0.576608 0.082087 0.1)
(0.575879 0.081204 0.1)
(0.57516 0.080314 0.1)
(0.574451 0.079416 0.1)
(0.573753 0.078511 0.1)
(0.573066 0.077598 0.1)
(0.572391 0.076677 0.1)
(0.571727 0.075748 0.1)
(0.571075 0.07481 0.1)
(0.570436 0.073865 0.1)
(0.569799 0.072894 0.1)
(0.569165 0.071898 0.1)
(0.568535 0.070876 0.1)
(0.567919 0.069845 0.1)
(0.567317 0.068806 0.1)
(0.566727 0.067758 0.1)
(0.56615 0.066703 0.1)
(0.565585 0.065641 0.1)
(0.565033 0.064571 0.1)
(0.564493 0.063495 0.1)
(0.563963 0.062412 0.1)
(0.563445 0.061324 0.1)
(0.562937 0.06023 0.1)
(0.56244 0.059132 0.1)
(0.561953 0.058028 0.1)
(0.561474 0.05692 0.1)
(0.561006 0.055809 0.1)
(0.560547 0.054694 0.1)
(0.560099 0.053585 0.1)
(0.559664 0.052485 0.1)
(0.559241 0.051391 0.1)
(0.558826 0.050296 0.1)
(0.558418 0.049197 0.1)
(0.558018 0.048096 0.1)
(0.557626 0.046993 0.1)
(0.557241 0.045888 0.1)
(0.556865 0.044779 0.1)
(0.556496 0.043669 0.1)
(0.556135 0.042556 0.1)
(0.555781 0.041441 0.1)
(0.555435 0.040324 0.1)
(0.555097 0.039204 0.1)
(0.554767 0.038083 0.1)
(0.554445 0.036959 0.1)
(0.55413 0.035832 0.1)
(0.553823 0.034704 0.1)
(0.553538 0.033628 0.1)
(0.553275 0.032605 0.1)
(0.55303 0.031635 0.1)
(0.552791 0.030664 0.1)
(0.552558 0.029691 0.1)
(0.55233 0.028717 0.1)
(0.552107 0.027742 0.1)
(0.55189 0.026765 0.1)
(0.551677 0.025787 0.1)
(0.551469 0.024808 0.1)
(0.551267 0.023828 0.1)
(0.551069 0.022847 0.1)
(0.550876 0.021865 0.1)
(0.550687 0.020882 0.1)
(0.550503 0.019898 0.1)
(0.550324 0.018913 0.1)
(0.550148 0.017927 0.1)
(0.549977 0.016941 0.1)
(0.549816 0.015987 0.1)
(0.549664 0.015067 0.1)
(0.549521 0.014181 0.1)
(0.549381 0.013294 0.1)
(0.549245 0.012406 0.1)
(0.549111 0.011519 0.1)
(0.54898 0.01063 0.1)
(0.548852 0.009742 0.1)
(0.548727 0.008853 0.1)
(0.548605 0.007963 0.1)
(0.548486 0.007074 0.1)
(0.548369 0.006184 0.1)
(0.548255 0.005294 0.1)
(0.548143 0.004404 0.1)
(0.548033 0.003514 0.1)
(0.547927 0.002624 0.1)
(0.547822 0.001733 0.1)
(0.54772 0.000843 0.1)
(0.547651 0.000227 0.1)
(0.54762 -0.000048 0.1)
(0.54762 -0.000479 0.1)
(0.54762 -0.001026 0.1)
(0.54762 -0.001573 0.1)
(0.54762 -0.002119 0.1)
(0.54762 -0.002666 0.1)
(0.54762 -0.003213 0.1)
(0.54762 -0.00376 0.1)
(0.54762 -0.004307 0.1)
(0.54762 -0.004854 0.1)
(0.54762 -0.005401 0.1)
(0.54762 -0.005948 0.1)
(0.54762 -0.006495 0.1)
(0.54762 -0.007042 0.1)
(0.54762 -0.007588 0.1)
(0.54762 -0.008135 0.1)
(0.54762 -0.008682 0.1)
(0.54762 -0.009229 0.1)
(0.54762 -0.009776 0.1)
(0.54762 -0.010323 0.1)
(0.54762 -0.01087 0.1)
(0.54762 -0.011417 0.1)
(0.54762 -0.011964 0.1)
(0.54762 -0.012511 0.1)
(0.54762 -0.013057 0.1)
(0.54762 -0.013604 0.1)
(0.54762 -0.014151 0.1)
(0.54762 -0.014698 0.1)
(0.54762 -0.015245 0.1)
(0.54762 -0.015792 0.1)
(0.54762 -0.016339 0.1)
(0.54762 -0.016886 0.1)
(0.54762 -0.017433 0.1)
(0.54762 -0.017979 0.1)
(0.54762 -0.018526 0.1)
(0.54762 -0.019073 0.1)
(0.54762 -0.01962 0.1)
(0.54762 -0.020167 0.1)
(0.54762 -0.020714 0.1)
(0.54762 -0.021261 0.1)
(0.54762 -0.021808 0.1)
(0.54762 -0.022355 0.1)
(0.54762 -0.022902 0.1)
(0.54762 -0.023448 0.1)
(0.54762 -0.023995 0.1)
(0.54762 -0.024542 0.1)
(0.54762 -0.025089 0.1)
(0.54762 -0.025636 0.1)
(0.54762 -0.026183 0.1)
(0.54762 -0.02673 0.1)
(0.54762 -0.027277 0.1)
(0.54762 -0.027824 0.1)
(0.54762 -0.028371 0.1)
(0.54762 -0.028917 0.1)
(0.54762 -0.029464 0.1)
(0.54762 -0.030011 0.1)
(0.54762 -0.030558 0.1)
(0.54762 -0.031105 0.1)
(0.54762 -0.031652 0.1)
(0.54762 -0.032199 0.1)
(0.54762 -0.032746 0.1)
(0.54762 -0.033293 0.1)
(0.54762 -0.033839 0.1)
(0.54762 -0.034386 0.1)
(0.54762 -0.034933 0.1)
(0.54762 -0.03548 0.1)
(0.54762 -0.036027 0.1)
(0.54762 -0.036574 0.1)
(0.54762 -0.037121 0.1)
(0.54762 -0.037668 0.1)
(0.54762 -0.038215 0.1)
(0.54762 -0.038762 0.1)
(0.54762 -0.039308 0.1)
(0.54762 -0.039855 0.1)
(0.54762 -0.040402 0.1)
(0.54762 -0.040949 0.1)
(0.54762 -0.041496 0.1)
(0.54762 -0.042043 0.1)
(0.54762 -0.04259 0.1)
(0.54762 -0.043137 0.1)
(0.54762 -0.043684 0.1)
(0.54762 -0.044231 0.1)
(0.54762 -0.044777 0.1)
(0.54762 -0.045324 0.1)
(0.54762 -0.045871 0.1)
(0.54762 -0.046418 0.1)
(0.54762 -0.046965 0.1)
(0.54762 -0.047512 0.1)
(0.54762 -0.048059 0.1)
(0.54762 -0.048606 0.1)
(0.54762 -0.049153 0.1)
(0.54762 -0.049699 0.1)
(0.54762 -0.050246 0.1)
(0.54762 -0.050793 0.1)
(0.54762 -0.05134 0.1)
(0.54762 -0.051887 0.1)
(0.54762 -0.052434 0.1)
(0.54762 -0.052981 0.1)
(0.54762 -0.053528 0.1)
(0.54762 -0.054075 0.1)
(0.54762 -0.054622 0.1)
(0.54762 -0.055168 0.1)
(0.54762 -0.055715 0.1)
(0.54762 -0.056262 0.1)
(0.54762 -0.056809 0.1)
(0.54762 -0.057356 0.1)
(0.54762 -0.057903 0.1)
(0.54762 -0.05845 0.1)
(0.54762 -0.058997 0.1)
(0.54762 -0.059544 0.1)
(0.54762 -0.060091 0.1)
(0.54762 -0.060522 0.1)
